customer_id,transactions
8649525,34963
1242611,33355
9467115,18927
1618902,13450
1435341,10490
5741989,10472
8423804,10330
4893343,9413
6026638,9362
5102428,9254
4211546,9119
2147563,8969
3007306,7876
3506724,7817
1753248,7469
1067115,7461
4942230,7415
6096036,7254
1609753,7047
8962897,6351
9049512,5903
9318538,5819
1342180,5797
3738908,5696
1610429,5303
9811305,4800
2720980,4790
2395893,4779
8406268,4602
9710961,4600
2688067,4551
1132801,4393
8327629,4300
1318863,4247
5117982,4183
9975355,3992
4756446,3968
4828886,3914
1525871,3869
1241015,3784
9065995,3651
6206108,3547
3926262,3516
7785882,3492
1229662,3433
7243522,3430
2684319,3272
8392539,3231
8244710,3174
7400852,3139
2341888,3138
7271671,3111
3537244,3107
5771812,3094
1650038,3057
9134941,3047
9578843,3033
6866175,2966
4186957,2962
1261120,2889
7947635,2851
2513224,2811
2569112,2805
7752441,2773
4382091,2679
1150412,2679
4474245,2597
3798379,2586
7604799,2569
7799847,2536
9341302,2531
2262358,2480
4804651,2437
4908594,2409
2407192,2385
5855923,2377
4451166,2351
6849585,2327
5260894,2253
4764333,2237
2375746,2225
9553202,2216
6709871,2216
7756617,2213
9060305,2212
5473514,2210
1594729,2188
3219760,2187
4591716,2160
2872694,2145
8465588,2135
2654015,2119
5809109,2104
2952325,2092
9618217,2074
9843137,2065
9679391,1996
4008516,1993
7866866,1973
4412215,1969
6628783,1959
9346906,1954
7939178,1916
1425811,1900
1545938,1892
1031165,1883
8822663,1869
9503048,1826
5041692,1824
3754535,1818
8886826,1811
7940745,1792
4414897,1784
2674263,1784
6661377,1775
7581616,1770
8441483,1763
1968660,1753
3634986,1752
8811997,1747
2578464,1739
6509907,1730
4576544,1718
9003245,1712
4275069,1699
6365249,1695
2694213,1680
6385644,1677
9163813,1674
1198032,1673
3162626,1672
1073325,1648
4050612,1621
7313337,1613
5846474,1610
5021326,1599
2577278,1597
8714192,1597
9150929,1582
5678343,1530
7984427,1514
3403487,1495
5606263,1484
1470786,1484
8960262,1475
5837358,1466
8102985,1456
6595913,1446
5581181,1438
2211812,1437
9551370,1422
8132113,1410
6169222,1408
9037014,1408
2118818,1398
8128037,1378
8941600,1377
8972999,1372
3497621,1360
7364846,1356
1099520,1337
6330326,1331
9337548,1315
3118654,1304
2575375,1301
1491424,1297
7621018,1295
4258203,1289
5042492,1279
7487731,1279
6900166,1274
9360481,1272
6150282,1265
1595908,1263
9493878,1250
1182581,1246
5695488,1235
3706750,1234
9609324,1223
3745019,1218
3281066,1213
8981932,1207
7048674,1201
7059704,1188
3606248,1184
3446262,1184
6531737,1180
8874983,1173
5382497,1162
1952531,1156
4363353,1155
1499465,1150
3484188,1148
8753356,1146
4443742,1144
8940157,1140
4174118,1135
2269586,1128
2099931,1128
2812713,1125
8255953,1120
8584355,1112
7000081,1110
6213890,1110
3149584,1108
1959675,1107
9447359,1101
4607524,1096
5379211,1092
1851285,1090
7707585,1089
5746490,1083
6309447,1083
4339538,1081
5379328,1071
5815586,1070
3827001,1060
5141582,1055
5007710,1051
3637532,1038
2185759,1035
1435072,1033
8019434,1031
3944257,1030
3812018,1029
6780796,1026
9831946,1026
3105989,1025
8050114,1011
7614360,1008
1826277,1004
7338523,1002
9471040,1002
1440353,1001
6334856,990
2326469,990
2069471,988
4448731,986
3370359,982
3260587,979
2423230,976
8214053,974
4504480,968
2806266,963
9360266,951
2309184,946
5816345,940
5797570,935
3785281,934
7546401,928
5132823,928
5900732,921
3555837,918
7463368,911
8992880,907
3217827,905
2667560,902
6174112,898
1850553,896
6223347,894
8423024,879
4176564,870
7672866,868
2386155,863
7638277,861
9403123,860
2610766,860
2927116,855
1208206,852
3226914,851
6038158,841
2926183,839
4896399,838
6447904,838
8002271,837
5307695,834
4402298,830
5507779,822
6173855,819
2052324,814
3069157,813
5693049,811
8967546,807
7081418,806
1968965,805
4018146,793
7443916,791
5669465,789
2360693,781
6563658,776
1919041,775
4866131,774
1075513,770
7171329,768
8548741,767
8936259,760
7343299,754
6070462,746
2669576,745
9411341,740
6484161,737
5941646,736
1240419,736
4185986,735
8916675,734
9617091,734
2183774,728
6964217,725
5069253,725
6534144,723
2949579,722
9972490,721
4456084,716
6935458,707
7318001,701
9793939,697
7386675,697
1408866,695
9964947,695
2313706,692
5031023,692
9668440,692
5117765,689
7238034,688
9507282,687
2380506,684
7373733,683
9288643,677
7805971,676
5391951,672
9221445,668
9985628,665
5836005,664
5180118,664
9000905,663
1224236,663
7043570,659
2432043,657
9608131,656
4104271,654
2344288,653
4681819,650
3771083,648
5537259,644
4498135,639
5684224,638
2295841,636
3786990,632
7309474,631
9606470,631
1398818,627
4086644,627
2762280,626
2441816,625
9401556,623
2314565,618
7790619,617
2728779,613
8452328,610
2185911,607
9578191,605
9751306,605
5109613,602
8974072,598
3896635,597
1357362,595
4756752,594
7790718,590
1932038,589
1040842,589
8624359,587
4834902,587
7717809,587
1961565,584
6995951,583
5821932,582
1815058,582
8517552,579
2440293,577
2339767,577
8990969,576
4813271,574
1747128,566
5049868,564
5073416,563
4859559,554
2981538,553
5051287,551
1566871,541
1919793,538
7074957,536
7386789,534
2801980,532
3188310,531
2350017,530
5128760,529
5286111,529
5659335,529
6306698,528
2315120,527
9993221,527
9987263,524
1006880,523
9604230,521
5166119,520
1767116,519
1656780,518
7214115,517
8196085,516
7432149,516
8964562,515
6168007,513
3721624,512
4569642,512
2208411,509
5027910,509
9815409,508
9572497,504
6694632,503
6332811,503
2831084,500
8407573,499
8256374,498
5545327,496
1122359,495
8980023,495
6533371,494
8667290,491
9597987,490
9076688,490
7046846,489
9763081,488
5212525,486
6688388,480
1739145,479
9065746,477
5454813,474
4087858,474
7184601,474
1358340,471
4849811,467
9353281,466
4635706,465
8827094,464
1441177,463
9955498,461
4376952,461
8876500,459
6648127,457
7764473,456
3542013,456
6139629,454
7215877,454
4233997,452
5380606,452
5240411,452
1181986,449
5638310,449
3991040,443
8247935,442
3185233,439
2764434,437
7898090,434
7951593,433
4604981,433
6137161,431
7582586,431
2568638,431
1799192,431
8075707,430
9937463,425
5587256,425
6745258,423
1682820,421
9467964,420
7819951,420
1017349,420
6062956,418
8229843,415
7322972,413
8280665,412
8428945,411
2824711,410
5226107,409
5087037,409
9823407,407
2355621,406
6382534,404
7207978,403
8302040,402
2340175,401
4007037,401
3618823,400
6522609,400
1689543,399
2210573,397
3498179,395
3990426,395
2505881,395
2999372,395
4300308,394
1905713,394
3850693,393
4943152,392
9182902,392
4752845,391
8333296,391
3401194,391
8150419,390
5637885,390
3523379,390
2033766,388
4234839,387
9971759,386
8528382,386
1979368,383
9154558,379
7880995,379
2318820,378
2741531,378
9933356,377
8252782,374
3884227,374
2113195,374
3106771,372
9538944,372
8327137,370
7562679,368
5174968,367
5696898,366
9195736,366
7011835,366
3124933,366
7286552,365
5548257,364
6777306,363
7834605,363
3915408,363
7780387,361
1695706,361
3902292,359
8438580,358
9909788,358
9600565,358
5973754,357
3669288,355
5119561,355
4492388,354
9639989,353
1925126,352
4641340,352
5169428,351
2849368,351
1745724,350
4514103,349
2552513,348
4211198,348
2676859,348
1778682,348
7367558,347
2126093,347
1399059,346
1592924,344
9443427,344
3410537,342
5244807,342
1655238,342
7625417,340
8320026,339
7564360,338
9024939,337
3542181,337
3555411,336
5619867,335
7107013,333
8335560,332
3665927,332
8829971,332
9896604,331
3836700,328
1624400,328
8966532,328
7657532,328
6826108,326
6752515,326
6186615,325
8909846,325
6633357,325
3202372,324
7662612,323
7037684,322
1296431,322
5946378,318
3789941,315
1706958,315
2325635,314
8625312,313
2104708,313
4249992,313
3246786,312
6429695,312
9324768,311
3850855,310
3797222,309
1566813,309
6768759,308
3107076,306
7999775,305
8499846,304
7868961,303
5152722,303
7835634,302
1359060,298
2190102,295
9715817,294
3147118,294
8109494,294
6509327,293
9567470,292
5603981,291
9845101,289
6278150,288
8916281,287
9746004,286
6280064,286
3483239,286
3245509,285
3335667,281
7431837,278
7942538,275
8822897,274
1066618,273
7131162,272
5284470,271
2603525,270
8733856,269
3482861,269
7061865,268
4790821,268
7139473,267
2984116,267
9837592,266
3279963,266
6305852,266
5445652,266
4698888,264
8649640,264
4485327,263
9131181,262
7047634,262
4628788,262
1334313,261
5018473,261
8863476,261
2873718,261
2928768,260
1730865,260
5859415,259
6140272,257
8362411,256
8497770,256
1625205,255
7580778,254
2446556,254
9561888,254
9130472,253
2556952,253
5099351,253
4850963,252
2022495,251
8241949,250
7929345,250
6429865,249
9706286,249
7117899,249
7920219,248
7575330,248
1350085,247
9260124,246
2143682,244
3923649,243
9605029,243
9380156,242
8642880,242
4108862,242
9976192,242
3807742,242
3239073,241
8823444,239
1225225,238
2434316,238
3054410,237
9737931,236
6908254,236
3345922,236
8697678,235
2282933,234
8221751,232
9819030,232
1510371,232
8653769,231
7979577,231
4889568,230
1714437,230
7586197,229
6894927,229
6640124,229
5244095,229
6616643,228
7146813,228
8856808,228
4431629,228
6192945,228
9131370,227
6105521,226
5884605,224
9782315,224
8761242,223
4067788,222
2547652,222
4958645,221
4331018,221
4185746,219
4784483,219
7038742,219
3174034,219
1100437,218
2314210,216
1773952,216
9745794,213
2255097,213
7264127,212
7003700,212
5025481,211
6625899,211
1963530,211
6913943,211
9117679,209
7506362,209
4453423,208
1639681,208
2762696,207
6612054,207
7503368,206
8743937,206
3205610,205
3864348,205
6425881,204
3784312,203
1541328,203
6208285,203
2518495,203
4943899,201
1710544,201
7416360,200
4707663,199
4196094,199
7885064,198
2175560,198
3243370,198
8805668,198
5476838,198
9123080,197
6308763,197
4692252,196
7802758,196
4254199,196
5952719,196
2204972,195
7005271,195
2250794,195
8653216,195
1207429,195
6475854,194
1294802,194
1030580,192
7136456,191
2537047,191
6860735,190
5511869,190
6937682,189
9937452,188
8006476,187
3359398,187
8995696,187
7297570,186
3835552,186
4121261,185
4069702,184
9415168,184
1204051,183
4347238,183
3777289,183
2000177,182
8396761,182
5072121,180
9795853,180
1642624,179
1481260,179
5188435,178
9520612,176
6119805,176
1713653,176
6981877,175
5199299,175
3342836,174
2438792,174
1505508,173
3551916,173
4385405,172
7127840,172
5507173,172
6779173,172
5663643,172
6196229,171
9409783,171
9955978,170
3247897,170
7528506,169
1505108,168
4832244,168
4516821,168
8729970,167
4405134,167
5879832,167
3700829,167
1822951,166
3362704,165
1698295,165
7148646,165
2064002,165
4948184,165
5676343,164
3957740,164
4082611,164
6768865,164
6101785,164
4306196,163
9265046,163
1288833,163
6146916,161
5474255,160
5230462,160
7075083,160
6748995,160
9921125,159
8390739,159
5965061,159
4438764,159
3381493,158
5002177,158
2161805,158
8773337,157
9838164,157
7936303,157
5279089,156
5030021,155
1957519,155
6584298,155
8382909,154
8440708,154
1580977,154
7474818,153
4400907,153
1354523,153
3910746,152
5185321,152
4124481,152
6273085,152
2217747,152
1363203,151
1034734,151
6861385,151
5160033,151
6161283,151
5157354,150
9624366,150
8055559,150
5183896,150
8060467,148
3570469,148
6170775,147
9055959,146
6367497,146
4698011,146
5737658,146
5830888,146
2566986,145
3292188,145
7613002,145
7273051,143
8951256,142
8793285,142
1084566,141
5698126,141
4344139,141
8678208,140
3819376,139
6807332,138
7691366,138
9733508,136
5541095,136
3727665,135
4446128,135
5037810,135
2383889,134
7734282,134
3561512,134
1328958,134
3206367,134
7551928,133
3704421,133
8508123,132
4012847,132
6954110,132
6359310,132
1842566,131
3304823,131
7303422,131
5233127,130
2821074,130
7898315,130
8422930,128
9766659,128
1001614,128
2552668,128
3841729,127
3119418,127
2459835,126
3355958,126
8882803,126
1998285,126
5783805,125
7753033,125
4070196,125
5300724,125
7926920,124
9473504,124
5243101,124
5883356,124
3224600,124
9996357,124
3966694,123
1782218,123
2768256,123
3392637,120
3046776,120
3659692,119
9614254,119
8408667,119
1636465,119
8636053,119
4926999,119
1481285,119
2667775,119
1851014,118
7123405,117
1622936,117
7167670,116
4688712,116
4485119,116
6469371,115
9242163,113
2493232,113
7761884,113
4201649,112
2141345,112
2738817,111
8645194,111
5792522,111
1324388,111
8884043,110
5130144,110
5655072,110
5274179,110
6996343,109
4316509,109
8742914,109
3026586,109
8659997,109
9537247,108
1129794,107
6531883,107
5835643,107
5415883,107
2622349,106
4571719,106
8215540,106
4481963,106
7418990,106
5881290,106
5967500,105
5868665,105
1088438,105
4292270,104
5805653,104
6132736,104
2595467,104
3234405,104
3282419,104
9640227,103
5256406,103
8669455,103
5130163,103
9137750,103
2605729,103
5983416,102
9930463,102
1818348,101
2255349,101
8904183,101
8603939,101
1813043,100
2251518,99
5493158,98
3226498,98
7486210,98
2383145,98
6843383,98
1048447,97
2668742,97
1292487,97
4945815,96
7923135,96
2369619,96
6382452,96
4734921,96
2973978,96
5987978,95
3979822,94
2253681,94
4065302,94
9796370,94
8859264,93
2368752,93
9231286,93
4757402,93
6944048,92
5595495,92
7720116,92
5321941,92
5870091,91
8010030,91
8390414,91
2081286,90
9886926,90
4512163,90
6201387,90
4873579,89
8880895,89
4435056,89
4459020,89
9986806,88
7523531,88
8164295,88
9938009,88
2874635,87
8781151,86
7394940,86
7374912,86
2804384,86
6960244,86
7536361,86
7465454,86
1963935,86
9037039,85
7536495,85
5595813,84
5908503,84
1374820,84
9653695,83
7845012,83
5144034,83
3463910,83
2756875,82
6872788,81
8891536,80
5661767,80
4298883,80
9564829,80
8222110,79
4209207,79
8178418,79
9718126,79
7188137,78
6941085,78
7957564,78
3662694,78
3675044,77
2117738,77
1465248,77
5092395,77
2522270,77
3203775,76
8601659,76
2031083,76
8652871,75
4220116,75
3937850,75
2468543,75
8221569,75
5667027,75
1248411,75
3571492,74
3955839,74
1991596,74
8875176,74
5630657,74
1030134,73
1766202,73
8585805,73
6413567,72
6890188,72
3445150,72
7455315,72
7531326,71
9740620,71
7684989,71
2540358,71
9993896,70
9110865,70
4994262,70
3519887,70
1957602,70
2302653,69
4637178,69
6060799,69
3290578,69
2840550,68
7277940,68
8302012,67
8509739,67
5920105,67
1682396,66
9502531,66
3282204,66
3271813,66
8584067,65
4342894,65
8703979,65
4140951,65
5358931,65
7862366,64
4763064,64
1591694,64
1199420,64
2897571,63
4261143,63
2568579,63
3142228,63
8030182,63
7790845,63
9475966,63
9709441,63
6089823,62
7796407,62
6709824,62
8427355,62
6956693,62
8890302,61
7928053,60
3225574,60
5432258,60
4471776,59
9356162,58
3921546,58
4220385,58
2779224,57
1432968,57
4593196,57
5466940,57
3887655,57
2012969,57
8580462,57
1328658,57
6455437,57
2748415,57
5536355,57
1786815,56
2339950,56
2482769,56
3959081,56
8624904,56
8350672,56
7523364,55
9789870,54
3972346,54
1087667,54
2620436,54
1813344,54
8816470,54
2962587,54
1137167,54
3346886,54
8833360,53
4636517,53
4923558,53
1889147,53
6165535,53
1585947,53
4931823,52
8381252,52
9602447,52
2501418,52
2793314,52
5421395,52
1198446,52
3925734,51
2513379,51
3775793,51
6274444,51
6110762,51
9379772,51
1328307,50
2716148,50
5531773,50
2526252,50
5458339,50
6797234,49
7156008,49
5597614,49
2844122,49
6137058,49
6667294,48
9290571,48
7296011,48
4315715,48
4398985,48
4056522,48
6191024,48
2915283,47
7752739,47
3841595,47
9613060,47
8228676,47
2406698,46
9814369,46
1525153,46
3401565,46
3237695,46
2175907,46
9850176,46
2264759,46
2656905,45
2703771,45
4718310,45
9621777,45
5205646,45
8014535,45
4672875,45
6901814,44
2943866,44
2643326,44
4322206,44
1451530,44
2738211,44
7153201,44
3413203,44
5816837,44
1299107,44
9428577,43
8888965,43
1214258,43
6616661,43
7819057,43
9853501,43
1023794,43
9202425,43
5414150,43
2806348,43
1134004,43
5204269,42
3756078,42
4394522,42
4273727,42
6080391,42
4893594,42
2620533,42
7329657,42
8644484,42
8107860,41
9958741,41
6839963,41
6673804,41
3987448,41
9057704,41
8984209,41
1744628,41
6290270,40
2943393,40
6317963,40
1900846,40
6770327,40
1907931,40
3903961,40
1752918,40
5380286,40
8533437,40
3426196,40
5388240,39
3602471,39
1473119,39
7877111,39
5294760,39
3067158,39
2547235,39
3520017,38
1284783,38
6899819,38
2381773,38
9217009,38
8578628,38
6357809,38
5259047,38
1160271,37
7493978,37
3424181,37
8404175,37
7696093,37
9852232,37
8018564,37
1806115,37
3999474,37
8538139,37
5735138,37
1110032,37
6930405,36
8127431,36
5342406,36
5865748,36
3805398,36
2042461,36
4562816,36
5756372,36
6981894,36
2108364,35
3986132,35
8505387,35
3599418,35
7971644,35
2935051,35
5311361,35
2258370,34
6334419,34
4684671,34
8481761,34
4006389,34
9817022,34
3318085,34
3958538,34
7303840,34
6290762,34
7761008,33
4242152,33
7887107,33
5458559,33
3892061,33
3896420,33
8813690,33
2015656,33
6397113,33
5991185,33
2366242,33
4745273,32
6308143,32
6382468,32
4462401,32
3642449,32
7906312,32
2535110,32
2624807,32
7504836,32
3443407,32
7881866,32
4866348,32
3158688,31
2371979,31
7447426,31
3222996,31
8221109,31
9082916,31
2172226,31
9845476,31
5550267,31
4554709,31
1828401,31
4289468,31
2815463,30
6317672,30
2180737,30
6305598,30
4214264,30
6778677,30
9065504,30
5784432,30
2749477,30
6579199,30
2152824,30
1134743,30
2636640,29
3985732,29
9397019,29
4131462,29
7180158,29
5168339,29
5480158,29
1132736,29
7310846,29
3388644,29
6523308,29
7578199,28
4091145,28
2426164,28
1654792,28
4395712,28
9537698,28
4714134,28
5564151,28
8455578,28
1255984,28
8709630,28
3354615,28
4335330,27
4407129,27
7448210,27
7362833,27
1843971,27
3157021,27
9370537,27
2247792,27
6259748,27
2521230,27
5470663,27
7568648,27
7934029,27
9069454,27
7893872,26
6074711,26
5507495,26
7731960,26
2467437,26
8151908,26
8085192,26
8647171,26
4879419,26
5158187,25
2249102,25
6143638,25
7232174,25
4535730,25
5551628,25
9662286,25
6788445,25
8773196,25
8249086,25
8471532,24
5331399,24
4068592,24
9415571,24
3638065,24
7365919,24
4381305,24
1719221,24
2369427,23
7054392,23
9934862,23
9474547,23
6729325,23
5182947,23
9769585,23
7426013,23
9471023,23
5871006,23
7631925,23
4321162,23
2689567,23
4610461,23
8125619,22
1660250,22
9384407,22
6165774,22
9074929,22
6655870,22
3881740,22
1014759,22
9802560,22
4478059,22
4497536,22
5174161,22
4939687,22
6518930,21
4674542,21
7205589,21
9094633,21
9675267,21
3377337,21
8319784,21
9158250,21
4732225,21
7238545,21
1737289,21
4645266,20
2598212,20
7798518,20
9434172,20
9489105,20
7214419,20
2847901,20
7833720,20
4652727,20
5446753,20
6908861,20
8516453,20
7489207,20
6111854,20
3317871,20
1909215,20
4775346,20
1778315,19
8818753,19
4961843,19
3074568,19
2691827,19
6606571,19
2844568,19
8590057,19
6702224,19
4217416,18
1803438,18
8374728,18
2371800,18
4566663,18
2900218,18
7770309,18
1870448,18
5293399,18
4258825,18
3513041,18
8461855,18
9003895,18
7148827,17
7944146,17
2036139,17
6720718,17
2719982,17
3114681,17
4599590,17
6507193,17
3596145,17
8779054,17
8490129,17
2968705,17
6462002,17
4276289,17
1958884,17
9310804,17
2686924,17
7364608,17
9968398,17
8283848,17
4729869,16
5297526,16
2693455,16
8430901,16
6767747,16
6330937,16
6318374,16
7010067,16
5744112,16
3043285,16
8391303,16
7829942,16
7410669,16
8621824,16
8345975,15
2025211,15
3255890,15
3787710,15
2022232,15
6953872,15
5135621,15
7218790,15
3444753,15
7423360,15
2371017,15
8992528,15
7944948,15
5500358,15
9630644,15
1470431,15
1516047,15
7834814,15
7815765,15
2314863,15
5901997,15
1685029,15
9340571,15
4277355,15
9947440,14
1625545,14
2359785,14
8926892,14
5051160,14
5841301,14
4995560,14
6225319,14
7428947,14
3997564,14
3747150,14
6256978,14
6848700,14
5308009,14
5250847,14
7526212,14
8357133,13
1860707,13
6196912,13
4558448,13
2693963,13
2688571,13
7910452,13
1384320,13
8195364,13
5177389,13
9120722,13
2384963,13
1066546,13
1879353,13
4124443,12
5841492,12
7461325,12
4061335,12
4027357,12
7447216,12
2943010,12
2152599,12
5901032,12
6854500,12
5937832,12
4291932,12
6846488,12
6089762,12
1014379,12
6365641,11
3613694,11
1157004,11
5375491,11
7003826,11
7636547,11
1102599,11
1551023,11
6918292,11
9859603,11
4562062,11
7260199,11
7460146,11
6525489,11
5435813,11
4475944,11
2881153,11
9978714,11
5784266,11
7918665,11
4680576,11
9207977,10
6511978,10
9201749,10
4775580,10
7257690,10
4366949,10
7098099,10
9158194,10
5233847,10
3292249,10
2569105,10
6789445,10
9081525,10
1715784,10
5360977,10
1686952,10
2903015,10
4924940,10
8898076,9
9283669,9
9302956,9
6831509,9
2566546,9
1967831,9
4673088,9
6658538,9
1243835,9
9919438,9
7774048,9
7959647,9
8386489,9
2794150,9
6444867,9
3091091,8
8165917,8
3064179,8
8256832,8
7519460,8
7842091,8
8155565,8
4563769,8
5375641,8
1098562,8
2781070,8
2232149,8
9707403,8
5129897,8
6574975,8
4688899,8
5424352,8
8186280,8
7179025,8
6433513,8
6924158,8
2734519,8
5619549,8
4184580,8
3655705,7
4619212,7
8999141,7
1005846,7
5615125,7
5567492,7
4132980,7
5379192,7
6424521,7
9587148,7
1190297,7
6552111,7
5469277,7
4043633,7
9340498,7
5814405,7
8373746,7
3149906,7
2263188,7
4884570,7
1062517,7
2367974,7
2632074,7
8182308,7
9209246,6
1641280,6
6489898,6
1950910,6
7333765,6
1450931,6
7467311,6
8868935,6
5430751,6
8154532,6
6378715,6
5523039,6
1244291,6
5565094,6
5471240,6
5228277,6
4158688,6
8390489,6
2698494,6
4982006,6
5734392,6
7967319,6
7992634,6
3125258,6
5337494,6
6545033,6
7161198,6
2056417,6
3790380,6
6593523,6
3755868,6
7131343,5
4474744,5
1295304,5
9120304,5
1758257,5
2890552,5
3767648,5
6993022,5
9210977,5
5588804,5
2140816,5
8791715,5
2794230,5
5989599,5
1521697,5
3763278,5
2784007,5
1117160,5
4762828,5
7608309,5
1427794,5
3426482,5
4627131,5
3242405,5
2016069,5
4324459,5
9871979,5
9614983,5
3054908,5
8999993,5
2166765,4
3542595,4
5735997,4
9240699,4
5020757,4
8088219,4
5115443,4
1296643,4
8182341,4
9837195,4
1427706,4
3495905,4
5499970,4
5499869,4
6450125,4
5402684,4
7384867,4
6443693,4
8593935,4
7452120,4
6610199,4
1211753,4
4369478,4
3445459,4
7540359,4
4747166,4
4903199,4
7166720,4
1350400,4
9697978,4
9809186,4
5863327,3
1353020,3
4452772,3
9411851,3
6362097,3
4304076,3
3259753,3
5032934,3
1025977,3
7865653,3
2846263,3
2929498,3
8478212,3
3016145,3
4875768,3
7514998,3
9703240,3
9917289,3
8603225,3
2045505,3
9504264,3
4682163,3
8993117,3
1191925,3
6637778,3
4766279,3
6865293,3
3599596,3
5187694,2
4543004,2
4511751,2
9813006,2
1099044,2
1044815,2
1030323,2
9852085,2
5421391,2
9754459,2
5030031,2
9562439,2
9874496,2
9997881,2
9495847,2
1841976,2
5037265,2
3136804,2
4195300,2
3567424,2
4190370,2
7310508,2
6270798,2
3312549,2
3431311,2
6359029,2
8739121,2
9325402,2
6399996,2
6428238,2
4011599,2
4000737,2
1965743,2
1986443,2
2239214,2
3686832,2
3653787,2
2154331,2
2921319,2
6940985,2
5952926,2
6073681,2
1622087,2
7757742,2
7718439,2
2464219,2
9328504,2
4308645,2
4366155,2
2912032,2
8338753,2
2601328,2
6094102,2
2605800,2
9495776,2
3512672,1
8019691,1
2551968,1
2448767,1
8126488,1
7035399,1
8046285,1
3499829,1
4746355,1
4743766,1
3537212,1
8249490,1
1120692,1
7087209,1
1111821,1
7050442,1
7595481,1
2383041,1
5187290,1
7676190,1
4788807,1
8590705,1
7357966,1
9899192,1
8648138,1
3388030,1
2875609,1
3439686,1
2259663,1
2719917,1
3465529,1
3158048,1
9006215,1
6976193,1
4203413,1
9618464,1
4232782,1
5550365,1
6166604,1
6129479,1
1319827,1
4598377,1
6089205,1
9600212,1
6014572,1
9592559,1
5979861,1
5971783,1
1632200,1
4328073,1
1622525,1
5671160,1
9439686,1
5884406,1
1536589,1
5729410,1
9621397,1
5533700,1
9798470,1
5524563,1
3869372,1
3886685,1
3918720,1
9781221,1
9520158,1
9072579,1
1229469,1
4060849,1
9111225,1
9113227,1
5453509,1
1249075,1
4083230,1
4102606,1
6285319,1
9141689,1
9683011,1
1284361,1
9177955,1
6224791,1
9203422,1
2622690,1
